106336
108469
110885
114111
117091
120216
119084
116466
115949
122378
117563
133294
122549
125551
135520
134336
168495
137400
118192
120241
122482
124875
128574
132015
134068
136044
135755
131337
133025
138119
135567
143432
128656
135241
126976
123600
117862
114926
123150
136747
134725
122630
121042
118712
118557
127744
152450
146732
121901
118120
116229
120235
125449
142879
132515
112868
114404
113392
108098
120125
140918
144580
118766
115775
115536
114301
114572
131541
131398
111338
109203
107383
108942
115182
120578
131035
98872
118349
122616
123278
130871
158279
151522
135335
119783
118404
120866
129683
143885
139533
117591
121054
123619
123798
129396
139018
143509
123224
116057
113350
117580
125174
139714
136538
114682
115981
131250
190374
176485
160246
142852
130874
127709
127486
126365
134261
154964
156363
128337
126148
123359
123890
131411
150849
152177
129576
131198
126975
126369
132576
149334
148760
122629
120064
116623
118474
123890
144874
169066
172535
128357
125079
129392
129472
146977
147890
124466
124393
128330
128012
132772
150277
156025
136806
133434
132531
135128
138821
150774
152753
136021
134422
134915
138012
139879
150817
154320
140746
154826
149789
152125
151377
154109
157810
146017
145485
146059
146939
147987
151489
157913
147789
146439
147664
146276
144395
146159
154598
145739
146001
144407
142687
141201
143944
150002
144384
143934
143682
145639
163186
172819
166098
156852
154644
156283
154779
154142
156352
162076
155674
156761
159045
154953
153704
159061
168099
160492
156607
156749
161906
164077
167356
173378
165551
165949
164705
163940
168891
176297
172296
162084
151862
151545
149300
